image: map_outside_prev.pgm
resolution: 0.050000
origin: [-58.656146, -57.626019, 0.000000]
negate: 0
occupied_thresh: 0.65
free_thresh: 0.196

